% Prismatic param

Rm = 1.7897;
Lm = 8.2306e-05;
Bm = 7.4751e-06;
Jm = 1.0942e-05;
Ke = 0.0367;
Km = 0.01432401;
Jl = 1.715e-05;