% Motor param
Jm = 1.169e-04;
Rm = 1.1;
Lm = 5.92e-05;
Bm = 0.0194;
Ke = 0.0431;
Km = 0.0431;

% Another param
Jl = 618700281.18;
Jt = Jm + Jl;

m = 7.5;
l = 798.2e-03;
g = 9.81;